0,468
0,467
0,466
0,465
0,464
0,463
0,462
0,461
0,460
0,459
0,458
0,457
0,456
0,455
0,454
0,453
0,452
0,451
0,450
0,449
0,448
0,447
0,446
0,445
0,444
0,443
0,442
0,441
42,6
42,5
42,4
42,3
42,2
0,440
42,1
42,0
34,40
34,39
0,439
0,438
0,437
0,436
0,435
0,434
0,433
0,432
0,431
0,430
41,6
41,5
41,4
41,3
41,2
0,429
41,1
41,0
0,428
0,427
40,5
40,4
40,3
40,2
40,1
40,0
39,4
39,3
39,2
39,1
39,0
38,3
38,2
38,1
38,0
37,3
37,2
37,1
37,0
0,426
36,4
36,3
36,2
36,1
36,0
35,5
35,4
35,3
35,2
35,1
35,0
34,38
34,37
34,36
34,35
3,2
3,1
3,3
10,261
10,127
10,297
10,109
